5 0.14140625 0.6140625 0.05234375 0.1171875
7 0.2671875 0.56015625 0.021875 0.06171875
7 0.290625 0.5546875 0.015625 0.05078125
7 0.290625 0.51171875 0.02109375 0.06015625
7 0.334375 0.54140625 0.015625 0.06171875
7 0.3140625 0.53203125 0.01875 0.05546875
7 0.31328125 0.5 0.0203125 0.06171875
5 0.34140625 0.49140625 0.04375 0.08515625
2 0.82265625 0.5140625 0.078125 0.15703125
3 0.83828125 0.228125 0.0359375 0.06484375
0 0.6765625 0.20625 0.0328125 0.09140625
0 0.6859375 0.15390625 0.03359375 0.07265625
6 0.7015625 0.11875 0.02421875 0.08984375