2 0.715625 0.07265625 0.06015625 0.1421875
1 0.59140625 0.5484375 0.04609375 0.07265625
1 0.5296875 0.603125 0.0421875 0.06484375
1 0.52421875 0.5390625 0.0390625 0.05703125
1 0.48515625 0.596875 0.03984375 0.07421875
1 0.4390625 0.5984375 0.03828125 0.06484375
1 0.4703125 0.48515625 0.034375 0.06953125
1 0.4390625 0.44296875 0.0390625 0.06171875
1 0.35859375 0.5515625 0.0328125 0.06328125
1 0.33515625 0.55 0.03046875 0.05078125
1 0.3375 0.49921875 0.0359375 0.05390625
1 0.34609375 0.43203125 0.0421875 0.05234375
1 0.31796875 0.39375 0.02890625 0.05234375
1 0.34296875 0.39375 0.0421875 0.03359375
1 0.346875 0.35078125 0.0421875 0.05703125