1 0.33125 0.290625 0.0359375 0.08203125
1 0.2875 0.35703125 0.0328125 0.04765625
1 0.25234375 0.33828125 0.0328125 0.05546875
4 0.278125 0.31484375 0.059375 0.1328125
1 0.365625 0.40078125 0.040625 0.06328125
1 0.20390625 0.39609375 0.04140625 0.06015625
1 0.13203125 0.3546875 0.0359375 0.05546875
1 0.1140625 0.3171875 0.0390625 0.04453125
1 0.12734375 0.24296875 0.034375 0.06640625
1 0.0984375 0.21484375 0.04140625 0.05234375
1 0.1421875 0.17421875 0.0359375 0.05234375
1 0.16796875 0.1953125 0.03203125 0.05078125
1 0.16171875 0.2296875 0.04375 0.04921875