3 0.54765625 0.51796875 0.0359375 0.06640625
1 0.48359375 0.58984375 0.0390625 0.06171875
1 0.4484375 0.6203125 0.03984375 0.06484375
1 0.45234375 0.7078125 0.053125 0.06640625
1 0.378125 0.56328125 0.0390625 0.06796875
1 0.3640625 0.61875 0.03359375 0.06484375
1 0.41328125 0.734375 0.04609375 0.05859375
1 0.42734375 0.7671875 0.040625 0.05546875
1 0.3765625 0.76328125 0.0390625 0.08203125
1 0.39921875 0.82265625 0.046875 0.07734375
1 0.303125 0.70078125 0.0421875 0.08046875
1 0.30546875 0.81796875 0.04921875 0.07109375
1 0.2203125 0.690625 0.04765625 0.09140625
1 0.17578125 0.815625 0.04609375 0.08515625
1 0.2703125 0.80546875 0.03984375 0.07421875
1 0.325 0.86640625 0.04765625 0.06328125