1 0.18515625 0.546875 0.04375 0.07265625
1 0.2515625 0.49453125 0.0484375 0.06953125
1 0.2875 0.446875 0.04921875 0.07265625
1 0.34453125 0.45546875 0.0421875 0.06171875
1 0.5125 0.59453125 0.040625 0.07578125
1 0.5640625 0.71875 0.0484375 0.06796875
1 0.47109375 0.7171875 0.04453125 0.05703125
1 0.46640625 0.60625 0.04140625 0.06171875
1 0.4328125 0.66953125 0.0375 0.06796875
1 0.3546875 0.5625 0.04375 0.06328125
1 0.35 0.50625 0.04375 0.05234375
1 0.38984375 0.68046875 0.0453125 0.06796875
1 0.378125 0.71796875 0.03984375 0.06484375
1 0.42265625 0.78359375 0.0546875 0.07109375
1 0.29296875 0.67265625 0.03203125 0.06171875
1 0.3140625 0.64765625 0.0375 0.06328125
1 0.27265625 0.61640625 0.0453125 0.06328125